 #m
  0.000000000000000E+000  2.983308370328324E-003
   1.00000000000000       8.355254457342875E-003
   2.00000000000000       8.702733725430142E-003
   3.00000000000000       8.266788772330877E-003
   4.00000000000000       6.750903060701053E-003
   5.00000000000000       6.063877870235664E-003
   6.00000000000000       5.154649296033586E-003
   7.00000000000000       4.587518543978397E-003
   8.00000000000000       3.921970877463116E-003
   9.00000000000000       3.525903330427331E-003
   10.0000000000000       3.041305748498441E-003
   11.0000000000000       2.784797915272083E-003
   12.0000000000000       2.462491042988310E-003
   13.0000000000000       2.312236137429815E-003
   14.0000000000000       2.021602803084647E-003
   15.0000000000000       1.821510086112099E-003
   16.0000000000000       1.675896414316583E-003
   17.0000000000000       1.542734682857917E-003
   18.0000000000000       1.312826163360472E-003
   19.0000000000000       1.192816205066645E-003
   20.0000000000000       1.123505000258622E-003
   21.0000000000000       1.006822956894204E-003
   22.0000000000000       8.656588487644396E-004
   23.0000000000000       8.005030211001455E-004
   24.0000000000000       7.116163096181450E-004
   25.0000000000000       6.527225114102431E-004
   26.0000000000000       5.791484437167363E-004
   27.0000000000000       5.143955134577398E-004
   28.0000000000000       4.789994144676884E-004
   29.0000000000000       4.398981915817708E-004
   30.0000000000000       3.954913397845351E-004
   31.0000000000000       3.458379409066784E-004
   32.0000000000000       3.174394106630267E-004
   33.0000000000000       2.865075274703239E-004
   34.0000000000000       2.572800953817402E-004
   35.0000000000000       2.386345105030801E-004
   36.0000000000000       2.157040496168438E-004
   37.0000000000000       2.013082554987116E-004
   38.0000000000000       1.879332457055171E-004
   39.0000000000000       1.695558637252275E-004
   40.0000000000000       1.567053864323812E-004
   41.0000000000000       1.418367711974101E-004
   42.0000000000000       1.316836682351473E-004
   43.0000000000000       1.189016782213933E-004
   44.0000000000000       1.107986805461547E-004
   45.0000000000000       1.009496920308680E-004
   46.0000000000000       9.362047610712490E-005
   47.0000000000000       8.586205967723784E-005
   48.0000000000000       7.932065039404768E-005
   49.0000000000000       7.342936639106655E-005
   50.0000000000000       6.786601998386134E-005
   51.0000000000000       6.319499666808372E-005
   52.0000000000000       5.865464304078774E-005
   53.0000000000000       5.349665153177489E-005
   54.0000000000000       4.979220422213955E-005
   55.0000000000000       4.709831270081497E-005
   56.0000000000000       4.327920434987164E-005
   57.0000000000000       3.982496189170242E-005
   58.0000000000000       3.710789223584305E-005
   59.0000000000000       3.483569038922799E-005
   60.0000000000000       3.207742409797551E-005
   61.0000000000000       2.992830532977128E-005
   62.0000000000000       2.820839408892945E-005
   63.0000000000000       2.587241973092357E-005
   64.0000000000000       2.470624661175018E-005
   65.0000000000000       2.247723113930925E-005
   66.0000000000000       2.093847533966243E-005
   67.0000000000000       1.964827677086463E-005
   68.0000000000000       1.835160322859323E-005
   69.0000000000000       1.720734235023179E-005
   70.0000000000000       1.636736327074583E-005
   71.0000000000000       1.516632783704232E-005
   72.0000000000000       1.424325826948111E-005
   73.0000000000000       1.329885910893838E-005
   74.0000000000000       1.241593581661255E-005
   75.0000000000000       1.173865320702651E-005
   76.0000000000000       1.102628052768948E-005
   77.0000000000000       1.040121775439344E-005
   78.0000000000000       9.606587627672307E-006
   79.0000000000000       9.132118833098072E-006
   80.0000000000000       8.482210070068760E-006
   81.0000000000000       7.990413873045869E-006
   82.0000000000000       7.456806686507947E-006
   83.0000000000000       7.012798675995591E-006
   84.0000000000000       6.631901532486851E-006
   85.0000000000000       6.265797980728649E-006
   86.0000000000000       5.913764042159593E-006
   87.0000000000000       5.562977027972599E-006
   88.0000000000000       5.195555229713480E-006
   89.0000000000000       4.831433438511905E-006
   90.0000000000000       4.619287317984783E-006
   91.0000000000000       4.315522576246968E-006
   92.0000000000000       4.069001459287678E-006
   93.0000000000000       3.836852206281721E-006
   94.0000000000000       3.635241826248301E-006
   95.0000000000000       3.435138124058307E-006
   96.0000000000000       3.238527133207844E-006
   97.0000000000000       3.044971326104956E-006
   98.0000000000000       2.871534864501657E-006
   99.0000000000000       2.701845859232922E-006
   100.000000000000       2.586504296988812E-006
   101.000000000000       2.439738435358633E-006
   102.000000000000       2.327824293267537E-006
   103.000000000000       2.152496411635901E-006
   104.000000000000       2.076467540549219E-006
   105.000000000000       1.963341370398934E-006
   106.000000000000       1.872119405662877E-006
   107.000000000000       1.762272420830696E-006
   108.000000000000       1.654791234604449E-006
   109.000000000000       1.559577278537939E-006
   110.000000000000       1.490503314795502E-006
   111.000000000000       1.421143912103697E-006
   112.000000000000       1.352462412846506E-006
   113.000000000000       1.261182299654504E-006
   114.000000000000       1.218501145422463E-006
   115.000000000000       1.168723433938366E-006
   116.000000000000       1.124809670952542E-006
   117.000000000000       1.056413075347524E-006
   118.000000000000       1.008364620751548E-006
   119.000000000000       9.661955360925619E-007
   120.000000000000       9.321788652233835E-007
   121.000000000000       8.911606761333668E-007
   122.000000000000       8.577115288895099E-007
   123.000000000000       8.327501634541328E-007
   124.000000000000       8.037257783667023E-007
   125.000000000000       7.760107132346854E-007
   126.000000000000       7.441018362159908E-007
   127.000000000000       7.250575424696742E-007
   128.000000000000       7.150010790954842E-007
   129.000000000000       6.934642306220650E-007
   130.000000000000       6.760805889531329E-007
   131.000000000000       6.634269462194725E-007
   132.000000000000       6.544769807403396E-007
   133.000000000000       6.386070640626327E-007
   134.000000000000       6.283976719901068E-007
   135.000000000000       6.247026300462625E-007
   136.000000000000       6.159037515013395E-007
   137.000000000000       6.043029314916380E-007
   138.000000000000       5.859359540636757E-007
   139.000000000000       5.829503363889356E-007
   140.000000000000       5.634785565252511E-007
   141.000000000000       5.482115409778764E-007
   142.000000000000       5.203525057979001E-007
   143.000000000000       5.076094955334867E-007
