 #  r,   u_z
  5.473130607970000E-003  0.644250898163737     
  1.641873602990000E-002  0.643853077532158     
  2.736237414850000E-002  0.643388127066684     
  3.830273369000000E-002  0.642845154322158     
  4.923850377370000E-002  0.642259894901737     
  6.016837406860000E-002  0.641612151159947     
  7.109103495080001E-002  0.640924877335263     
  8.200517766000000E-002  0.640188438958474     
  9.290949445680000E-002  0.639414459588790     
  0.103802678779000       0.638594415517053     
  0.114683425398000       0.637735133687210     
  0.125550430577000       0.636830419083684     
  0.136402392223000       0.635883868031790     
  0.147238010048000       0.634890860535474     
  0.158055985722000       0.633852763439789     
  0.168855023026000       0.632763905249895     
  0.179633828015000       0.631623171510211     
  0.190391109165000       0.630427188277421     
  0.201125577531000       0.629177076066369     
  0.211835946902000       0.627876838730684     
  0.222520933956000       0.626534525499737     
  0.233179258411000       0.625158737961842     
  0.243809643179000       0.623755054362368     
  0.254410814520000       0.622325902622526     
  0.264981502197000       0.620869636282421     
  0.275520439621000       0.619379722214210     
  0.286026364012000       0.617849324058474     
  0.296498016542000       0.616277071964737     
  0.306934142492000       0.614666477650316     
  0.317333491398000       0.613025209291421     
  0.327694817204000       0.611361110399895     
  0.338016878409000       0.609677556018368     
  0.348298438216000       0.607973166206053     
  0.358538264684000       0.606245907604474     
  0.368735130870000       0.604493563596790     
  0.378887814978000       0.602715198389632     
  0.388995100508000       0.600911190383474     
  0.399055776398000       0.599082002142211     
  0.409068637171000       0.597228665821158     
  0.419032483081000       0.595354101678842     
  0.428946120253000       0.593463181850579     
  0.438808360829000       0.591562517347579     
  0.448618023108000       0.589658330465579     
  0.458373931691000       0.587752913824526     
  0.468074917618000       0.585843707098105     
  0.477719818512000       0.583927503995737     
  0.487307478714000       0.582002868617526     
  0.496836749425000       0.580070267405526     
  0.506306488841000       0.578131182311053     
  0.515715562293000       0.576184283246526     
  0.525062842378000       0.574224452149263     
  0.534347209100000       0.572245943593158     
  0.543567550001000       0.570245160770947     
  0.552722760293000       0.568220853339842     
  0.561811742993000       0.566171984016790     
  0.570833409054000       0.564098390693789     
  0.579786677493000       0.562002867106105     
  0.588670475524000       0.559890897578000     
  0.597483738686000       0.557769174421895     
  0.606225410967000       0.555643731180579     
  0.614894444934000       0.553517108917421     
  0.623489801859000       0.551386342131631     
  0.632010451840000       0.549244208687053     
  0.640455373927000       0.547085386248947     
  0.648823556246000       0.544908107583632     
  0.657113996114000       0.542710499743684     
  0.665325700166000       0.540491872828263     
  0.673457684470000       0.538254431708053     
  0.681508974647000       0.536000824220895     
  0.689478605987000       0.533733463490210     
  0.697365623562000       0.531455433672263     
  0.705169082346000       0.529170794775789     
  0.712888047322000       0.526883495230842     
  0.720521593601000       0.524594928685105     
  0.728068806525000       0.522303586746526     
  0.735528781782000       0.520005820307000     
  0.742900625514000       0.517696609952368     
  0.750183454422000       0.515370894086211     
  0.757376395872000       0.513022826133526     
  0.764478588002000       0.510645499095526     
  0.771489179822000       0.508233336889158     
  0.778407331319000       0.505782983779105     
  0.785232213556000       0.503293634286684     
  0.791963008770000       0.500767312417053     
  0.798598910474000       0.498205430577474     
  0.805139123550000       0.495606189951263     
  0.811582864345000       0.492964756062737     
  0.817929360767000       0.490274445173263     
  0.824177852373000       0.487529840314737     
  0.830327590466000       0.484727465352842     
  0.836377838180000       0.481862034712105     
  0.842327870571000       0.478924991553632     
  0.848176974702000       0.475906326068737     
  0.853924449729000       0.472795375303684     
  0.859569606987000       0.469579519666790     
  0.865111770069000       0.466243123040421     
  0.870550274910000       0.462768718957947     
  0.875884469865000       0.459138504579421     
  0.881113715786000       0.455334523094632     
  0.886237386103000       0.451338925545000     
  0.891254866894000       0.447133844271947     
  0.896165556961000       0.442699445867158     
  0.900968867902000       0.438012040354737     
  0.905664224182000       0.433042969133053     
  0.910251063200000       0.427758659847895     
  0.914728835358000       0.422122057715368     
  0.919097004126000       0.416093765973316     
  0.923355046108000       0.409632483371789     
  0.927502451102000       0.402695178290790     
  0.931538722164000       0.395237198961895     
  0.935463375665000       0.387212663207789     
  0.939275941351000       0.378575111202790     
  0.942975962397000       0.369278221310000     
  0.946562995466000       0.359276780070421     
  0.950036610755000       0.348528327273684     
  0.953396392055000       0.336995613564895     
  0.956641936794000       0.324649835706684     
  0.959772856089000       0.311474712015684     
  0.962788774792000       0.297471180199474     
  0.965689331532000       0.282662157322421     
  0.968474178764000       0.267096730721105     
  0.971142982805000       0.250853199169421     
  0.973695423878000       0.234040369848526     
  0.976131196147000       0.216796523849158     
  0.978450007757000       0.199285655759947     
  0.980651580865000       0.181690964071316     
  0.982735651680000       0.164206067031316     
  0.984701970484000       0.147024928485053     
  0.986550301674000       0.130331839554842     
  0.988280423780000       0.114292868416579     
  0.989892129499000       9.904990503365263E-002
  0.991385225715000       8.471787587254735E-002
  0.992759533524000       7.138504831258422E-002
  0.994014888255000       5.911577574788422E-002
  0.995151139492000       4.795470910289999E-002
  0.996168151088000       3.793147485067368E-002
  0.997065801184000       2.906503356686316E-002
  0.997843982222000       2.136725761613684E-002
  0.998502600962000       1.484557513197894E-002
  0.999041578486000       9.504745347600527E-003
  0.999460850214000       5.347940938528421E-003
  0.999760365909000       2.377339782258948E-003
  0.999940089683000       5.944062296836842E-004
   1.00000000000000       0.000000000000000E+000
